Training Logs - Epoch 7
==================================================
Timestamp: 2025-10-05 23:25:28
Model: Proposed Siamese CapsNet + MobileNetV2
Session ID: Proposed Siamese CapsNet + MobileNetV2_20251005_210426

TIMING INFORMATION:
Elapsed Time: 8453.45 seconds (140.89 minutes)
Epoch Time: 1177.60 seconds
ETA: 51928.32 seconds (865.47 minutes)

TRAINING PARAMETERS:
Epochs Total: 50
Batch Size: 64
Learning Rate: 5e-05
Patience: 7

EPOCH METRICS:
loss: 0.057235
binary_accuracy_metric: 0.959400
precision_metric: 0.955032
recall_metric: 0.964200
val_loss: 0.050336
val_binary_accuracy_metric: 0.923900
val_precision_metric: 0.893009
val_recall_metric: 0.963200
validation_callback_error: 0.000000
val_pos_total: 5000.000000
val_neg_total: 5000.000000
val_balanced_applied: 1.000000
val_pos_used: 1000.000000
val_neg_used: 1000.000000
threshold_edge_fallback: 0.000000
low_auc_mode: 0.000000
recall_floor: 0.400000
recall_floor_applied: 0.000000
threshold_setter_used: 1.000000
threshold_var_assigned: 1.000000
val_precision: 0.923307
val_recall: 0.927000
val_f1: 0.925150
val_accuracy: 0.925000
val_auc: 0.970213
val_balanced_accuracy: 0.925000
threshold_score: 0.670000
threshold: 0.377046
best_val_f1: 0.933000
best_val_auc: 0.972771
score_is_similarity: 1.000000
threshold_method: 0.000000
val_precision_at_fixed: 0.891344
val_recall_at_fixed: 0.968000
val_f1_at_fixed: 0.928092
val_accuracy_at_fixed: 0.925000
val_threshold_fixed: 0.500000
val_ap: 0.955103
val_recall_at_p80: 0.987000
val_precision_at_r90: 0.935551
val_raw_min: 0.000340
val_raw_max: 0.999900
val_raw_spread: 0.999560
val_score_mode: 1.000000
val_sample_count: 2000.000000
val_local_best_f1: 0.924128
val_local_best_threshold: 0.670000
emb_std: 0.017586
emb_spread: 0.142055
lr: 4.999999873689376e-05

HISTORICAL SUMMARY (up to epoch 7):
Best Training Loss: 0.057235
Best Validation Loss: 0.050336
Best Validation Accuracy: 0.933000
Best Validation F1-Score: 0.933000
Best Validation AUC: 0.972771
