Training Logs - Epoch 14
==================================================
Timestamp: 2025-10-06 01:44:24
Model: Proposed Siamese CapsNet + MobileNetV2
Session ID: Proposed Siamese CapsNet + MobileNetV2_20251005_210426

TIMING INFORMATION:
Elapsed Time: 16789.06 seconds (279.82 minutes)
Epoch Time: 1194.91 seconds
ETA: 43171.87 seconds (719.53 minutes)

TRAINING PARAMETERS:
Epochs Total: 50
Batch Size: 64
Learning Rate: 5e-05
Patience: 7

EPOCH METRICS:
loss: 0.009695
binary_accuracy_metric: 0.961300
precision_metric: 0.964085
recall_metric: 0.958300
val_loss: 0.013659
val_binary_accuracy_metric: 0.916800
val_precision_metric: 0.885213
val_recall_metric: 0.957800
validation_callback_error: 0.000000
val_pos_total: 5000.000000
val_neg_total: 5000.000000
val_balanced_applied: 1.000000
val_pos_used: 1000.000000
val_neg_used: 1000.000000
threshold_edge_fallback: 0.000000
low_auc_mode: 0.000000
recall_floor: 0.400000
recall_floor_applied: 0.000000
threshold_setter_used: 1.000000
threshold_var_assigned: 1.000000
val_precision: 0.930140
val_recall: 0.932000
val_f1: 0.931069
val_accuracy: 0.931000
val_auc: 0.974154
val_balanced_accuracy: 0.931000
threshold_score: 0.640000
threshold: 0.353227
best_val_f1: 0.944167
best_val_auc: 0.979895
score_is_similarity: 1.000000
threshold_method: 0.000000
val_precision_at_fixed: 0.895273
val_recall_at_fixed: 0.966000
val_f1_at_fixed: 0.929293
val_accuracy_at_fixed: 0.926500
val_threshold_fixed: 0.500000
val_precision_at_frozen: 0.931521
val_recall_at_frozen: 0.925000
val_f1_at_frozen: 0.928249
val_accuracy_at_frozen: 0.928500
val_threshold_frozen: 0.670000
val_ap: 0.967060
val_recall_at_p80: 0.994000
val_precision_at_r90: 0.941423
val_raw_min: 0.000220
val_raw_max: 0.999900
val_raw_spread: 0.999680
val_score_mode: 1.000000
val_sample_count: 2000.000000
val_local_best_f1: 0.930550
val_local_best_threshold: 0.640000
emb_std: 0.016735
emb_spread: 0.122865
lr: 4.999999873689376e-05

HISTORICAL SUMMARY (up to epoch 14):
Best Training Loss: 0.009695
Best Validation Loss: 0.013659
Best Validation Accuracy: 0.944000
Best Validation F1-Score: 0.944167
Best Validation AUC: 0.979895
