Training Logs - Epoch 9
==================================================
Timestamp: 2025-10-06 00:04:56
Model: Proposed Siamese CapsNet + MobileNetV2
Session ID: Proposed Siamese CapsNet + MobileNetV2_20251005_210426

TIMING INFORMATION:
Elapsed Time: 10821.20 seconds (180.35 minutes)
Epoch Time: 1179.99 seconds
ETA: 49296.56 seconds (821.61 minutes)

TRAINING PARAMETERS:
Epochs Total: 50
Batch Size: 64
Learning Rate: 5e-05
Patience: 7

EPOCH METRICS:
loss: 0.026919
binary_accuracy_metric: 0.959950
precision_metric: 0.956526
recall_metric: 0.963700
val_loss: 0.027435
val_binary_accuracy_metric: 0.913000
val_precision_metric: 0.879596
val_recall_metric: 0.957000
validation_callback_error: 0.000000
val_pos_total: 5000.000000
val_neg_total: 5000.000000
val_balanced_applied: 1.000000
val_pos_used: 1000.000000
val_neg_used: 1000.000000
threshold_edge_fallback: 0.000000
low_auc_mode: 0.000000
recall_floor: 0.400000
recall_floor_applied: 0.000000
threshold_setter_used: 1.000000
threshold_var_assigned: 1.000000
val_precision: 0.928144
val_recall: 0.930000
val_f1: 0.929071
val_accuracy: 0.929000
val_auc: 0.975410
val_balanced_accuracy: 0.929000
threshold_score: 0.640000
threshold: 0.359055
best_val_f1: 0.933000
best_val_auc: 0.975410
score_is_similarity: 1.000000
threshold_method: 0.000000
val_precision_at_fixed: 0.891365
val_recall_at_fixed: 0.960000
val_f1_at_fixed: 0.924410
val_accuracy_at_fixed: 0.921500
val_threshold_fixed: 0.500000
val_ap: 0.971755
val_recall_at_p80: 0.982000
val_precision_at_r90: 0.940563
val_raw_min: 0.000489
val_raw_max: 0.999900
val_raw_spread: 0.999411
val_score_mode: 1.000000
val_sample_count: 2000.000000
val_local_best_f1: 0.928555
val_local_best_threshold: 0.640000
emb_std: 0.017019
emb_spread: 0.133052

HISTORICAL SUMMARY (up to epoch 9):
Best Training Loss: 0.026919
Best Validation Loss: 0.027435
Best Validation Accuracy: 0.933000
Best Validation F1-Score: 0.933000
Best Validation AUC: 0.975410
