Training Logs - Epoch 5
==================================================
Timestamp: 2025-10-05 22:46:08
Model: Proposed Siamese CapsNet + MobileNetV2
Session ID: Proposed Siamese CapsNet + MobileNetV2_20251005_210426

TIMING INFORMATION:
Elapsed Time: 6092.37 seconds (101.54 minutes)
Epoch Time: 1188.20 seconds
ETA: 54831.31 seconds (913.86 minutes)

TRAINING PARAMETERS:
Epochs Total: 50
Batch Size: 64
Learning Rate: 5e-05
Patience: 7

EPOCH METRICS:
loss: 0.140660
binary_accuracy_metric: 0.951250
precision_metric: 0.948425
recall_metric: 0.954400
val_loss: 0.114425
val_binary_accuracy_metric: 0.928500
val_precision_metric: 0.908484
val_recall_metric: 0.953000
validation_callback_error: 0.000000
val_pos_total: 5000.000000
val_neg_total: 5000.000000
val_balanced_applied: 1.000000
val_pos_used: 1000.000000
val_neg_used: 1000.000000
threshold_edge_fallback: 0.000000
low_auc_mode: 0.000000
recall_floor: 0.400000
recall_floor_applied: 0.000000
threshold_setter_used: 1.000000
threshold_var_assigned: 1.000000
val_precision: 0.930209
val_recall: 0.933000
val_f1: 0.931603
val_accuracy: 0.931500
val_auc: 0.972771
val_balanced_accuracy: 0.931500
threshold_score: 0.620000
threshold: 0.426879
best_val_f1: 0.931603
best_val_auc: 0.972771
score_is_similarity: 1.000000
threshold_method: 0.000000
val_precision_at_fixed: 0.909696
val_recall_at_fixed: 0.957000
val_f1_at_fixed: 0.932749
val_accuracy_at_fixed: 0.931000
val_threshold_fixed: 0.500000
val_ap: 0.962930
val_recall_at_p80: 0.982000
val_precision_at_r90: 0.941484
val_raw_min: 0.000718
val_raw_max: 0.999900
val_raw_spread: 0.999182
val_score_mode: 1.000000
val_sample_count: 2000.000000
val_local_best_f1: 0.930825
val_local_best_threshold: 0.620000
emb_std: 0.020448
emb_spread: 0.171791

HISTORICAL SUMMARY (up to epoch 5):
Best Training Loss: 0.140660
Best Validation Loss: 0.114425
Best Validation Accuracy: 0.931500
Best Validation F1-Score: 0.931603
Best Validation AUC: 0.972771
