Training Logs - Epoch 15
==================================================
Timestamp: 2025-10-06 02:04:06
Model: Proposed Siamese CapsNet + MobileNetV2
Session ID: Proposed Siamese CapsNet + MobileNetV2_20251005_210426

TIMING INFORMATION:
Elapsed Time: 17970.70 seconds (299.51 minutes)
Epoch Time: 1177.99 seconds
ETA: 41931.64 seconds (698.86 minutes)

TRAINING PARAMETERS:
Epochs Total: 50
Batch Size: 64
Learning Rate: 5e-05
Patience: 7

EPOCH METRICS:
loss: 0.008681
binary_accuracy_metric: 0.961900
precision_metric: 0.965719
recall_metric: 0.957800
val_loss: 0.012750
val_binary_accuracy_metric: 0.916200
val_precision_metric: 0.885513
val_recall_metric: 0.956000
validation_callback_error: 0.000000
val_pos_total: 5000.000000
val_neg_total: 5000.000000
val_balanced_applied: 1.000000
val_pos_used: 1000.000000
val_neg_used: 1000.000000
threshold_edge_fallback: 0.000000
low_auc_mode: 0.000000
recall_floor: 0.400000
recall_floor_applied: 0.000000
threshold_setter_used: 1.000000
threshold_var_assigned: 1.000000
val_precision: 0.924227
val_recall: 0.927000
val_f1: 0.925612
val_accuracy: 0.925500
val_auc: 0.974243
val_balanced_accuracy: 0.925500
threshold_score: 0.680000
threshold: 0.340036
best_val_f1: 0.944167
best_val_auc: 0.979895
score_is_similarity: 1.000000
threshold_method: 0.000000
val_precision_at_fixed: 0.886531
val_recall_at_fixed: 0.961000
val_f1_at_fixed: 0.922265
val_accuracy_at_fixed: 0.919000
val_threshold_fixed: 0.500000
val_precision_at_frozen: 0.918892
val_recall_at_frozen: 0.929000
val_f1_at_frozen: 0.923918
val_accuracy_at_frozen: 0.923500
val_threshold_frozen: 0.670000
val_ap: 0.972714
val_recall_at_p80: 0.982000
val_precision_at_r90: 0.931141
val_raw_min: 0.000415
val_raw_max: 0.999900
val_raw_spread: 0.999485
val_score_mode: 1.000000
val_sample_count: 2000.000000
val_local_best_f1: 0.924844
val_local_best_threshold: 0.680000
emb_std: 0.017169
emb_spread: 0.119535
lr: 4.999999873689376e-05

HISTORICAL SUMMARY (up to epoch 15):
Best Training Loss: 0.008681
Best Validation Loss: 0.012750
Best Validation Accuracy: 0.944000
Best Validation F1-Score: 0.944167
Best Validation AUC: 0.979895
