Training Logs - Epoch 8
==================================================
Timestamp: 2025-10-05 23:45:12
Model: Proposed Siamese CapsNet + MobileNetV2
Session ID: Proposed Siamese CapsNet + MobileNetV2_20251005_210426

TIMING INFORMATION:
Elapsed Time: 9638.14 seconds (160.64 minutes)
Epoch Time: 1181.46 seconds
ETA: 50600.23 seconds (843.34 minutes)

TRAINING PARAMETERS:
Epochs Total: 50
Batch Size: 64
Learning Rate: 5e-05
Patience: 7

EPOCH METRICS:
loss: 0.038262
binary_accuracy_metric: 0.956250
precision_metric: 0.954206
recall_metric: 0.958500
val_loss: 0.036095
val_binary_accuracy_metric: 0.916000
val_precision_metric: 0.883198
val_recall_metric: 0.958800
validation_callback_error: 0.000000
val_pos_total: 5000.000000
val_neg_total: 5000.000000
val_balanced_applied: 1.000000
val_pos_used: 1000.000000
val_neg_used: 1000.000000
threshold_edge_fallback: 0.000000
low_auc_mode: 0.000000
recall_floor: 0.400000
recall_floor_applied: 0.000000
threshold_setter_used: 1.000000
threshold_var_assigned: 1.000000
val_precision: 0.919960
val_recall: 0.931000
val_f1: 0.925447
val_accuracy: 0.925000
val_auc: 0.963877
val_balanced_accuracy: 0.925000
threshold_score: 0.670000
threshold: 0.358241
best_val_f1: 0.933000
best_val_auc: 0.972771
score_is_similarity: 1.000000
threshold_method: 0.000000
val_precision_at_fixed: 0.878182
val_recall_at_fixed: 0.966000
val_f1_at_fixed: 0.920000
val_accuracy_at_fixed: 0.916000
val_threshold_fixed: 0.500000
val_ap: 0.950984
val_recall_at_p80: 0.977000
val_precision_at_r90: 0.931677
val_raw_min: 0.000100
val_raw_max: 0.999900
val_raw_spread: 0.999800
val_score_mode: 1.000000
val_sample_count: 2000.000000
val_local_best_f1: 0.922416
val_local_best_threshold: 0.670000
emb_std: 0.017171
emb_spread: 0.138691
lr: 4.999999873689376e-05

HISTORICAL SUMMARY (up to epoch 8):
Best Training Loss: 0.038262
Best Validation Loss: 0.036095
Best Validation Accuracy: 0.933000
Best Validation F1-Score: 0.933000
Best Validation AUC: 0.972771
