Training Logs - Epoch 12
==================================================
Timestamp: 2025-10-07 05:55:26
Model: Proposed Siamese CapsNet + MobileNetV2
Session ID: Proposed Siamese CapsNet + MobileNetV2_20251006_234400

TIMING INFORMATION:
Elapsed Time: 22276.25 seconds (371.27 minutes)
Epoch Time: 1833.80 seconds
ETA: 70541.45 seconds (1175.69 minutes)

TRAINING PARAMETERS:
Epochs Total: 50
Batch Size: 32
Learning Rate: 5e-05
Patience: 7

EPOCH METRICS:
loss: 0.011047
binary_accuracy_metric: 0.972350
precision_metric: 0.973819
recall_metric: 0.970800
val_loss: 0.020333
val_binary_accuracy_metric: 0.930200
val_precision_metric: 0.907541
val_recall_metric: 0.958000
validation_callback_error: 0.000000
val_pos_total: 5000.000000
val_neg_total: 5000.000000
val_balanced_applied: 1.000000
val_pos_used: 1000.000000
val_neg_used: 1000.000000
threshold_edge_fallback: 0.000000
low_auc_mode: 0.000000
recall_floor: 0.400000
recall_floor_applied: 0.000000
threshold_setter_used: 1.000000
threshold_var_assigned: 1.000000
val_precision: 0.930693
val_recall: 0.940000
val_f1: 0.935323
val_accuracy: 0.935000
val_auc: 0.974612
val_balanced_accuracy: 0.935000
threshold_score: 0.600000
threshold: 0.379933
best_val_f1: 0.949355
best_val_auc: 0.979113
score_is_similarity: 1.000000
threshold_method: 0.000000
val_precision_at_fixed: 0.910305
val_recall_at_fixed: 0.954000
val_f1_at_fixed: 0.931641
val_accuracy_at_fixed: 0.930000
val_threshold_fixed: 0.500000
val_precision_at_frozen: 0.933735
val_recall_at_frozen: 0.930000
val_f1_at_frozen: 0.931864
val_accuracy_at_frozen: 0.932000
val_threshold_frozen: 0.630000
val_ap: 0.969642
val_recall_at_p80: 0.982000
val_precision_at_r90: 0.948421
val_raw_min: 0.000473
val_raw_max: 0.999900
val_raw_spread: 0.999427
val_score_mode: 1.000000
val_sample_count: 2000.000000
val_local_best_f1: 0.932736
val_local_best_threshold: 0.600000
emb_std: 0.019745
emb_spread: 0.173563
lr: 4.999999873689376e-05

HISTORICAL SUMMARY (up to epoch 12):
Best Training Loss: 0.011047
Best Validation Loss: 0.020333
Best Validation Accuracy: 0.949000
Best Validation F1-Score: 0.949355
Best Validation AUC: 0.979113
