Training Logs - Epoch 3
==================================================
Timestamp: 2025-10-07 01:17:44
Model: Proposed Siamese CapsNet + MobileNetV2
Session ID: Proposed Siamese CapsNet + MobileNetV2_20251006_234400

TIMING INFORMATION:
Elapsed Time: 5615.03 seconds (93.58 minutes)
Epoch Time: 1843.89 seconds
ETA: 87968.73 seconds (1466.15 minutes)

TRAINING PARAMETERS:
Epochs Total: 50
Batch Size: 32
Learning Rate: 5e-05
Patience: 7

EPOCH METRICS:
loss: 0.218059
binary_accuracy_metric: 0.945450
precision_metric: 0.949813
recall_metric: 0.940600
val_loss: 0.151554
val_binary_accuracy_metric: 0.931000
val_precision_metric: 0.918122
val_recall_metric: 0.946400
validation_callback_error: 0.000000
val_pos_total: 5000.000000
val_neg_total: 5000.000000
val_balanced_applied: 1.000000
val_pos_used: 1000.000000
val_neg_used: 1000.000000
threshold_edge_fallback: 0.000000
low_auc_mode: 0.000000
recall_floor: 0.400000
recall_floor_applied: 0.000000
threshold_setter_used: 1.000000
threshold_var_assigned: 1.000000
val_precision: 0.935259
val_recall: 0.939000
val_f1: 0.937126
val_accuracy: 0.937000
val_auc: 0.978362
val_balanced_accuracy: 0.937000
threshold_score: 0.560000
threshold: 0.467663
best_val_f1: 0.937126
best_val_auc: 0.978362
score_is_similarity: 1.000000
threshold_method: 0.000000
val_precision_at_fixed: 0.925781
val_recall_at_fixed: 0.948000
val_f1_at_fixed: 0.936759
val_accuracy_at_fixed: 0.936000
val_threshold_fixed: 0.500000
val_ap: 0.970961
val_recall_at_p80: 0.991000
val_precision_at_r90: 0.948529
val_raw_min: 0.000812
val_raw_max: 0.999900
val_raw_spread: 0.999088
val_score_mode: 1.000000
val_sample_count: 2000.000000
val_local_best_f1: 0.936078
val_local_best_threshold: 0.560000
emb_std: 0.023102
emb_spread: 0.192363

HISTORICAL SUMMARY (up to epoch 3):
Best Training Loss: 0.218059
Best Validation Loss: 0.151554
Best Validation Accuracy: 0.937000
Best Validation F1-Score: 0.937126
Best Validation AUC: 0.978362
