Training Logs - Epoch 8
==================================================
Timestamp: 2025-10-07 03:52:51
Model: Proposed Siamese CapsNet + MobileNetV2
Session ID: Proposed Siamese CapsNet + MobileNetV2_20251006_234400

TIMING INFORMATION:
Elapsed Time: 14920.36 seconds (248.67 minutes)
Epoch Time: 1842.01 seconds
ETA: 78331.91 seconds (1305.53 minutes)

TRAINING PARAMETERS:
Epochs Total: 50
Batch Size: 32
Learning Rate: 5e-05
Patience: 7

EPOCH METRICS:
loss: 0.018992
binary_accuracy_metric: 0.967350
precision_metric: 0.965906
recall_metric: 0.968900
val_loss: 0.025074
val_binary_accuracy_metric: 0.935900
val_precision_metric: 0.915856
val_recall_metric: 0.960000
validation_callback_error: 0.000000
val_pos_total: 5000.000000
val_neg_total: 5000.000000
val_balanced_applied: 1.000000
val_pos_used: 1000.000000
val_neg_used: 1000.000000
threshold_edge_fallback: 0.000000
low_auc_mode: 0.000000
recall_floor: 0.400000
recall_floor_applied: 0.000000
threshold_setter_used: 1.000000
threshold_var_assigned: 1.000000
val_precision: 0.938939
val_recall: 0.938000
val_f1: 0.938469
val_accuracy: 0.938500
val_auc: 0.975622
val_balanced_accuracy: 0.938500
threshold_score: 0.640000
threshold: 0.397455
best_val_f1: 0.949355
best_val_auc: 0.979113
score_is_similarity: 1.000000
threshold_method: 0.000000
val_precision_at_fixed: 0.919694
val_recall_at_fixed: 0.962000
val_f1_at_fixed: 0.940371
val_accuracy_at_fixed: 0.939000
val_threshold_fixed: 0.500000
val_ap: 0.971992
val_recall_at_p80: 0.986000
val_precision_at_r90: 0.952381
val_raw_min: 0.000383
val_raw_max: 0.999900
val_raw_spread: 0.999517
val_score_mode: 1.000000
val_sample_count: 2000.000000
val_local_best_f1: 0.938205
val_local_best_threshold: 0.640000
emb_std: 0.018924
emb_spread: 0.146229
lr: 4.999999873689376e-05

HISTORICAL SUMMARY (up to epoch 8):
Best Training Loss: 0.018992
Best Validation Loss: 0.025074
Best Validation Accuracy: 0.949000
Best Validation F1-Score: 0.949355
Best Validation AUC: 0.979113
