Training Logs - Epoch 4
==================================================
Timestamp: 2025-10-07 01:49:13
Model: Proposed Siamese CapsNet + MobileNetV2
Session ID: Proposed Siamese CapsNet + MobileNetV2_20251006_234400

TIMING INFORMATION:
Elapsed Time: 7502.41 seconds (125.04 minutes)
Epoch Time: 1881.93 seconds
ETA: 86277.67 seconds (1437.96 minutes)

TRAINING PARAMETERS:
Epochs Total: 50
Batch Size: 32
Learning Rate: 5e-05
Patience: 7

EPOCH METRICS:
loss: 0.103661
binary_accuracy_metric: 0.958850
precision_metric: 0.955796
recall_metric: 0.962200
val_loss: 0.082088
val_binary_accuracy_metric: 0.932300
val_precision_metric: 0.913526
val_recall_metric: 0.955000
validation_callback_error: 0.000000
val_pos_total: 5000.000000
val_neg_total: 5000.000000
val_balanced_applied: 1.000000
val_pos_used: 1000.000000
val_neg_used: 1000.000000
threshold_edge_fallback: 0.000000
low_auc_mode: 0.000000
recall_floor: 0.400000
recall_floor_applied: 0.000000
threshold_setter_used: 1.000000
threshold_var_assigned: 1.000000
val_precision: 0.936000
val_recall: 0.936000
val_f1: 0.936000
val_accuracy: 0.936000
val_auc: 0.975862
val_balanced_accuracy: 0.936000
threshold_score: 0.610000
threshold: 0.436810
best_val_f1: 0.937126
best_val_auc: 0.978362
score_is_similarity: 1.000000
threshold_method: 0.000000
val_precision_at_fixed: 0.913085
val_recall_at_fixed: 0.956000
val_f1_at_fixed: 0.934050
val_accuracy_at_fixed: 0.932500
val_threshold_fixed: 0.500000
val_ap: 0.976797
val_recall_at_p80: 0.978000
val_precision_at_r90: 0.953390
val_raw_min: 0.000933
val_raw_max: 0.999900
val_raw_spread: 0.998967
val_score_mode: 1.000000
val_sample_count: 2000.000000
val_local_best_f1: 0.936000
val_local_best_threshold: 0.610000
emb_std: 0.020697
emb_spread: 0.177420
lr: 4.999999873689376e-05

HISTORICAL SUMMARY (up to epoch 4):
Best Training Loss: 0.103661
Best Validation Loss: 0.082088
Best Validation Accuracy: 0.937000
Best Validation F1-Score: 0.937126
Best Validation AUC: 0.978362
