Training Logs - Epoch 6
==================================================
Timestamp: 2025-10-07 02:51:27
Model: Proposed Siamese CapsNet + MobileNetV2
Session ID: Proposed Siamese CapsNet + MobileNetV2_20251006_234400

TIMING INFORMATION:
Elapsed Time: 11235.37 seconds (187.26 minutes)
Epoch Time: 1845.92 seconds
ETA: 82392.72 seconds (1373.21 minutes)

TRAINING PARAMETERS:
Epochs Total: 50
Batch Size: 32
Learning Rate: 5e-05
Patience: 7

EPOCH METRICS:
loss: 0.036247
binary_accuracy_metric: 0.964350
precision_metric: 0.958799
recall_metric: 0.970400
val_loss: 0.038383
val_binary_accuracy_metric: 0.922500
val_precision_metric: 0.902458
val_recall_metric: 0.947400
validation_callback_error: 0.000000
val_pos_total: 5000.000000
val_neg_total: 5000.000000
val_balanced_applied: 1.000000
val_pos_used: 1000.000000
val_neg_used: 1000.000000
threshold_edge_fallback: 0.000000
low_auc_mode: 0.000000
recall_floor: 0.400000
recall_floor_applied: 0.000000
threshold_setter_used: 1.000000
threshold_var_assigned: 1.000000
val_precision: 0.935000
val_recall: 0.935000
val_f1: 0.935000
val_accuracy: 0.935000
val_auc: 0.974560
val_balanced_accuracy: 0.935000
threshold_score: 0.580000
threshold: 0.423781
best_val_f1: 0.949355
best_val_auc: 0.979113
score_is_similarity: 1.000000
threshold_method: 0.000000
val_precision_at_fixed: 0.910920
val_recall_at_fixed: 0.951000
val_f1_at_fixed: 0.930528
val_accuracy_at_fixed: 0.929000
val_threshold_fixed: 0.500000
val_ap: 0.969387
val_recall_at_p80: 0.985000
val_precision_at_r90: 0.957627
val_raw_min: 0.000395
val_raw_max: 0.999900
val_raw_spread: 0.999505
val_score_mode: 1.000000
val_sample_count: 2000.000000
val_local_best_f1: 0.935000
val_local_best_threshold: 0.580000
emb_std: 0.019198
emb_spread: 0.172251
lr: 4.999999873689376e-05

HISTORICAL SUMMARY (up to epoch 6):
Best Training Loss: 0.036247
Best Validation Loss: 0.038383
Best Validation Accuracy: 0.949000
Best Validation F1-Score: 0.949355
Best Validation AUC: 0.979113
