Training Logs - Epoch 2
==================================================
Timestamp: 2025-10-07 00:46:54
Model: Proposed Siamese CapsNet + MobileNetV2
Session ID: Proposed Siamese CapsNet + MobileNetV2_20251006_234400

TIMING INFORMATION:
Elapsed Time: 3765.69 seconds (62.76 minutes)
Epoch Time: 1849.94 seconds
ETA: 90376.44 seconds (1506.27 minutes)

TRAINING PARAMETERS:
Epochs Total: 50
Batch Size: 32
Learning Rate: 5e-05
Patience: 7

EPOCH METRICS:
loss: 0.498576
binary_accuracy_metric: 0.920050
precision_metric: 0.931484
recall_metric: 0.906800
val_loss: 0.325461
val_binary_accuracy_metric: 0.929700
val_precision_metric: 0.923684
val_recall_metric: 0.936800
validation_callback_error: 0.000000
val_pos_total: 5000.000000
val_neg_total: 5000.000000
val_balanced_applied: 1.000000
val_pos_used: 1000.000000
val_neg_used: 1000.000000
threshold_edge_fallback: 0.000000
low_auc_mode: 0.000000
recall_floor: 0.400000
recall_floor_applied: 0.000000
threshold_setter_used: 1.000000
threshold_var_assigned: 1.000000
val_precision: 0.929212
val_recall: 0.932000
val_f1: 0.930604
val_accuracy: 0.930500
val_auc: 0.972773
val_balanced_accuracy: 0.930500
threshold_score: 0.500000
threshold: 0.485831
best_val_f1: 0.930604
best_val_auc: 0.972773
score_is_similarity: 1.000000
threshold_method: 0.000000
val_precision_at_fixed: 0.929212
val_recall_at_fixed: 0.932000
val_f1_at_fixed: 0.930604
val_accuracy_at_fixed: 0.930500
val_threshold_fixed: 0.500000
val_ap: 0.966049
val_recall_at_p80: 0.983000
val_precision_at_r90: 0.943455
val_raw_min: 0.000753
val_raw_max: 0.999900
val_raw_spread: 0.999147
val_score_mode: 1.000000
val_sample_count: 2000.000000
val_local_best_f1: 0.929828
val_local_best_threshold: 0.500000
emb_std: 0.030817
emb_spread: 0.247434

HISTORICAL SUMMARY (up to epoch 2):
Best Training Loss: 0.498576
Best Validation Loss: 0.325461
Best Validation Accuracy: 0.930500
Best Validation F1-Score: 0.930604
Best Validation AUC: 0.972773
