Training Logs - Epoch 10
==================================================
Timestamp: 2025-10-06 23:27:04
Model: Proposed Siamese CapsNet + MobileNetV2
Session ID: Proposed Siamese CapsNet + MobileNetV2_20251006_172901

TIMING INFORMATION:
Elapsed Time: 21475.36 seconds (357.92 minutes)
Epoch Time: 2165.63 seconds
ETA: 85901.45 seconds (1431.69 minutes)

TRAINING PARAMETERS:
Epochs Total: 50
Batch Size: 32
Learning Rate: 5e-05
Patience: 7

EPOCH METRICS:
loss: 0.013890
binary_accuracy_metric: 0.948700
precision_metric: 0.936224
recall_metric: 0.963000
val_loss: 0.022438
val_binary_accuracy_metric: 0.932400
val_precision_metric: 0.913226
val_recall_metric: 0.955600
validation_callback_error: 0.000000
val_pos_total: 5000.000000
val_neg_total: 5000.000000
val_balanced_applied: 1.000000
val_pos_used: 1000.000000
val_neg_used: 1000.000000
threshold_edge_fallback: 0.000000
low_auc_mode: 0.000000
recall_floor: 0.400000
recall_floor_applied: 0.000000
threshold_setter_used: 1.000000
threshold_var_assigned: 1.000000
val_precision: 0.923598
val_recall: 0.955000
val_f1: 0.939036
val_accuracy: 0.938000
val_auc: 0.967791
val_balanced_accuracy: 0.938000
threshold_score: 0.560000
threshold: 0.375751
best_val_f1: 0.944279
best_val_auc: 0.977311
score_is_similarity: 1.000000
threshold_method: 0.000000
val_precision_at_fixed: 0.917939
val_recall_at_fixed: 0.962000
val_f1_at_fixed: 0.939453
val_accuracy_at_fixed: 0.938000
val_threshold_fixed: 0.500000
val_precision_at_frozen: 0.923598
val_recall_at_frozen: 0.955000
val_f1_at_frozen: 0.939036
val_accuracy_at_frozen: 0.938000
val_threshold_frozen: 0.560000
val_ap: 0.960361
val_recall_at_p80: 0.986000
val_precision_at_r90: 0.937759
val_raw_min: 0.000100
val_raw_max: 0.999900
val_raw_spread: 0.999800
val_score_mode: 1.000000
val_sample_count: 2000.000000
val_local_best_f1: 0.930459
val_local_best_threshold: 0.560000
emb_std: 0.018164
emb_spread: 0.135879
lr: 4.999999873689376e-05

HISTORICAL SUMMARY (up to epoch 10):
Best Training Loss: 0.013890
Best Validation Loss: 0.022438
Best Validation Accuracy: 0.944000
Best Validation F1-Score: 0.944279
Best Validation AUC: 0.977311
