Training Logs - Epoch 5
==================================================
Timestamp: 2025-10-06 20:25:20
Model: Proposed Siamese CapsNet + MobileNetV2
Session ID: Proposed Siamese CapsNet + MobileNetV2_20251006_172901

TIMING INFORMATION:
Elapsed Time: 10565.44 seconds (176.09 minutes)
Epoch Time: 2116.19 seconds
ETA: 95088.93 seconds (1584.82 minutes)

TRAINING PARAMETERS:
Epochs Total: 50
Batch Size: 32
Learning Rate: 5e-05
Patience: 7

EPOCH METRICS:
loss: 0.049716
binary_accuracy_metric: 0.946150
precision_metric: 0.942829
recall_metric: 0.949900
val_loss: 0.047869
val_binary_accuracy_metric: 0.925300
val_precision_metric: 0.912832
val_recall_metric: 0.940400
validation_callback_error: 0.000000
val_pos_total: 5000.000000
val_neg_total: 5000.000000
val_balanced_applied: 1.000000
val_pos_used: 1000.000000
val_neg_used: 1000.000000
threshold_edge_fallback: 0.000000
low_auc_mode: 0.000000
recall_floor: 0.400000
recall_floor_applied: 0.000000
threshold_setter_used: 1.000000
threshold_var_assigned: 1.000000
val_precision: 0.939604
val_recall: 0.949000
val_f1: 0.944279
val_accuracy: 0.944000
val_auc: 0.972867
val_balanced_accuracy: 0.944000
threshold_score: 0.550000
threshold: 0.457631
best_val_f1: 0.944279
best_val_auc: 0.977311
score_is_similarity: 1.000000
threshold_method: 0.000000
val_precision_at_fixed: 0.928988
val_recall_at_fixed: 0.955000
val_f1_at_fixed: 0.941815
val_accuracy_at_fixed: 0.941000
val_threshold_fixed: 0.500000
val_ap: 0.969295
val_recall_at_p80: 0.979000
val_precision_at_r90: 0.954832
val_raw_min: 0.000100
val_raw_max: 0.999900
val_raw_spread: 0.999800
val_score_mode: 1.000000
val_sample_count: 2000.000000
val_local_best_f1: 0.941642
val_local_best_threshold: 0.550000
emb_std: 0.018664
emb_spread: 0.147160
lr: 4.999999873689376e-05

HISTORICAL SUMMARY (up to epoch 5):
Best Training Loss: 0.049716
Best Validation Loss: 0.047869
Best Validation Accuracy: 0.944000
Best Validation F1-Score: 0.944279
Best Validation AUC: 0.977311
