Training Logs - Epoch 8
==================================================
Timestamp: 2025-10-06 22:14:59
Model: Proposed Siamese CapsNet + MobileNetV2
Session ID: Proposed Siamese CapsNet + MobileNetV2_20251006_172901

TIMING INFORMATION:
Elapsed Time: 17146.46 seconds (285.77 minutes)
Epoch Time: 2278.82 seconds
ETA: 90018.94 seconds (1500.32 minutes)

TRAINING PARAMETERS:
Epochs Total: 50
Batch Size: 32
Learning Rate: 5e-05
Patience: 7

EPOCH METRICS:
loss: 0.019287
binary_accuracy_metric: 0.944300
precision_metric: 0.934821
recall_metric: 0.955200
val_loss: 0.026234
val_binary_accuracy_metric: 0.929500
val_precision_metric: 0.904197
val_recall_metric: 0.960800
validation_callback_error: 0.000000
val_pos_total: 5000.000000
val_neg_total: 5000.000000
val_balanced_applied: 1.000000
val_pos_used: 1000.000000
val_neg_used: 1000.000000
threshold_edge_fallback: 0.000000
low_auc_mode: 0.000000
recall_floor: 0.400000
recall_floor_applied: 0.000000
threshold_setter_used: 1.000000
threshold_var_assigned: 1.000000
val_precision: 0.923383
val_recall: 0.928000
val_f1: 0.925686
val_accuracy: 0.925500
val_auc: 0.966257
val_balanced_accuracy: 0.925500
threshold_score: 0.670000
threshold: 0.368155
best_val_f1: 0.944279
best_val_auc: 0.977311
score_is_similarity: 1.000000
threshold_method: 0.000000
val_precision_at_fixed: 0.902530
val_recall_at_fixed: 0.963000
val_f1_at_fixed: 0.931785
val_accuracy_at_fixed: 0.929500
val_threshold_fixed: 0.500000
val_ap: 0.956667
val_recall_at_p80: 0.985000
val_precision_at_r90: 0.937759
val_raw_min: 0.000109
val_raw_max: 0.999900
val_raw_spread: 0.999791
val_score_mode: 1.000000
val_sample_count: 2000.000000
val_local_best_f1: 0.924410
val_local_best_threshold: 0.670000
emb_std: 0.017923
emb_spread: 0.141936
lr: 4.999999873689376e-05

HISTORICAL SUMMARY (up to epoch 8):
Best Training Loss: 0.019287
Best Validation Loss: 0.026234
Best Validation Accuracy: 0.944000
Best Validation F1-Score: 0.944279
Best Validation AUC: 0.977311
