Training Logs - Epoch 6
==================================================
Timestamp: 2025-10-06 21:01:12
Model: Proposed Siamese CapsNet + MobileNetV2
Session ID: Proposed Siamese CapsNet + MobileNetV2_20251006_172901

TIMING INFORMATION:
Elapsed Time: 12720.79 seconds (212.01 minutes)
Epoch Time: 2152.79 seconds
ETA: 93285.79 seconds (1554.76 minutes)

TRAINING PARAMETERS:
Epochs Total: 50
Batch Size: 32
Learning Rate: 5e-05
Patience: 7

EPOCH METRICS:
loss: 0.033445
binary_accuracy_metric: 0.946000
precision_metric: 0.940973
recall_metric: 0.951700
val_loss: 0.036807
val_binary_accuracy_metric: 0.926000
val_precision_metric: 0.901432
val_recall_metric: 0.956600
validation_callback_error: 0.000000
val_pos_total: 5000.000000
val_neg_total: 5000.000000
val_balanced_applied: 1.000000
val_pos_used: 1000.000000
val_neg_used: 1000.000000
threshold_edge_fallback: 0.000000
low_auc_mode: 0.000000
recall_floor: 0.400000
recall_floor_applied: 0.000000
threshold_setter_used: 1.000000
threshold_var_assigned: 1.000000
val_precision: 0.932068
val_recall: 0.933000
val_f1: 0.932534
val_accuracy: 0.932500
val_auc: 0.969494
val_balanced_accuracy: 0.932500
threshold_score: 0.630000
threshold: 0.422589
best_val_f1: 0.944279
best_val_auc: 0.977311
score_is_similarity: 1.000000
threshold_method: 0.000000
val_precision_at_fixed: 0.902554
val_recall_at_fixed: 0.954000
val_f1_at_fixed: 0.927564
val_accuracy_at_fixed: 0.925500
val_threshold_fixed: 0.500000
val_ap: 0.962977
val_recall_at_p80: 0.980000
val_precision_at_r90: 0.947534
val_raw_min: 0.000100
val_raw_max: 0.999900
val_raw_spread: 0.999800
val_score_mode: 1.000000
val_sample_count: 2000.000000
val_local_best_f1: 0.932273
val_local_best_threshold: 0.630000
emb_std: 0.018393
emb_spread: 0.137946
lr: 4.999999873689376e-05

HISTORICAL SUMMARY (up to epoch 6):
Best Training Loss: 0.033445
Best Validation Loss: 0.036807
Best Validation Accuracy: 0.944000
Best Validation F1-Score: 0.944279
Best Validation AUC: 0.977311
