Training Logs - Epoch 1
==================================================
Timestamp: 2025-10-06 18:04:33
Model: Proposed Siamese CapsNet + MobileNetV2
Session ID: Proposed Siamese CapsNet + MobileNetV2_20251006_172901

TIMING INFORMATION:
Elapsed Time: 2124.98 seconds (35.42 minutes)
Epoch Time: 2124.93 seconds
ETA: 104124.04 seconds (1735.40 minutes)

TRAINING PARAMETERS:
Epochs Total: 50
Batch Size: 32
Learning Rate: 5e-05
Patience: 7

EPOCH METRICS:
loss: 0.808457
binary_accuracy_metric: 0.816300
precision_metric: 0.806314
recall_metric: 0.832600
val_loss: 0.505964
val_binary_accuracy_metric: 0.910200
val_precision_metric: 0.894423
val_recall_metric: 0.930200
validation_callback_error: 0.000000
val_pos_total: 5000.000000
val_neg_total: 5000.000000
val_balanced_applied: 1.000000
val_pos_used: 1000.000000
val_neg_used: 1000.000000
threshold_edge_fallback: 0.000000
low_auc_mode: 0.000000
recall_floor: 0.400000
recall_floor_applied: 0.000000
threshold_setter_used: 1.000000
threshold_var_assigned: 1.000000
val_precision: 0.898020
val_recall: 0.907000
val_f1: 0.902488
val_accuracy: 0.902000
val_auc: 0.964694
val_balanced_accuracy: 0.902000
threshold_score: 0.620000
threshold: 0.452138
best_val_f1: 0.902488
best_val_auc: 0.964694
score_is_similarity: 1.000000
threshold_method: 0.000000
val_precision_at_fixed: 0.875933
val_recall_at_fixed: 0.939000
val_f1_at_fixed: 0.906371
val_accuracy_at_fixed: 0.903000
val_threshold_fixed: 0.500000
val_ap: 0.961479
val_recall_at_p80: 0.981000
val_precision_at_r90: 0.899101
val_raw_min: 0.000619
val_raw_max: 0.999900
val_raw_spread: 0.999281
val_score_mode: 1.000000
val_sample_count: 2000.000000
val_local_best_f1: 0.900078
val_local_best_threshold: 0.620000
emb_std: 0.052240
emb_spread: 0.402857

HISTORICAL SUMMARY (up to epoch 1):
Best Training Loss: 0.808457
Best Validation Loss: 0.505964
Best Validation Accuracy: 0.902000
Best Validation F1-Score: 0.902488
Best Validation AUC: 0.964694
