Training Logs - Epoch 4
==================================================
Timestamp: 2025-10-06 19:49:58
Model: Proposed Siamese CapsNet + MobileNetV2
Session ID: Proposed Siamese CapsNet + MobileNetV2_20251006_172901

TIMING INFORMATION:
Elapsed Time: 8446.53 seconds (140.78 minutes)
Epoch Time: 2110.33 seconds
ETA: 97135.12 seconds (1618.92 minutes)

TRAINING PARAMETERS:
Epochs Total: 50
Batch Size: 32
Learning Rate: 5e-05
Patience: 7

EPOCH METRICS:
loss: 0.083204
binary_accuracy_metric: 0.943900
precision_metric: 0.941252
recall_metric: 0.946900
val_loss: 0.069862
val_binary_accuracy_metric: 0.931700
val_precision_metric: 0.918233
val_recall_metric: 0.947800
validation_callback_error: 0.000000
val_pos_total: 5000.000000
val_neg_total: 5000.000000
val_balanced_applied: 1.000000
val_pos_used: 1000.000000
val_neg_used: 1000.000000
threshold_edge_fallback: 0.000000
low_auc_mode: 0.000000
recall_floor: 0.400000
recall_floor_applied: 0.000000
threshold_setter_used: 1.000000
threshold_var_assigned: 1.000000
val_precision: 0.940179
val_recall: 0.943000
val_f1: 0.941588
val_accuracy: 0.941500
val_auc: 0.976988
val_balanced_accuracy: 0.941500
threshold_score: 0.570000
threshold: 0.462712
best_val_f1: 0.941588
best_val_auc: 0.977311
score_is_similarity: 1.000000
threshold_method: 0.000000
val_precision_at_fixed: 0.926285
val_recall_at_fixed: 0.955000
val_f1_at_fixed: 0.940423
val_accuracy_at_fixed: 0.939500
val_threshold_fixed: 0.500000
val_ap: 0.973628
val_recall_at_p80: 0.985000
val_precision_at_r90: 0.956522
val_raw_min: 0.000216
val_raw_max: 0.999900
val_raw_spread: 0.999684
val_score_mode: 1.000000
val_sample_count: 2000.000000
val_local_best_f1: 0.940793
val_local_best_threshold: 0.570000
emb_std: 0.020842
emb_spread: 0.150272
lr: 4.999999873689376e-05

HISTORICAL SUMMARY (up to epoch 4):
Best Training Loss: 0.083204
Best Validation Loss: 0.069862
Best Validation Accuracy: 0.941500
Best Validation F1-Score: 0.941588
Best Validation AUC: 0.977311
