Training Logs - Epoch 4
==================================================
Timestamp: 2025-10-08 04:38:53
Model: Proposed Siamese CapsNet + MobileNetV2
Session ID: Proposed Siamese CapsNet + MobileNetV2_20251008_004843

TIMING INFORMATION:
Elapsed Time: 13802.19 seconds (230.04 minutes)
Epoch Time: 3425.02 seconds
ETA: 158725.21 seconds (2645.42 minutes)

TRAINING PARAMETERS:
Epochs Total: 50
Batch Size: 32
Learning Rate: 5e-05
Patience: 7

EPOCH METRICS:
loss: 0.102632
binary_accuracy_metric: 0.941050
precision_metric: 0.939950
recall_metric: 0.942300
val_loss: 0.084732
val_binary_accuracy_metric: 0.927700
val_precision_metric: 0.907411
val_recall_metric: 0.952600
validation_callback_error: 0.000000
val_pos_total: 5000.000000
val_neg_total: 5000.000000
val_balanced_applied: 1.000000
val_pos_used: 1000.000000
val_neg_used: 1000.000000
threshold_edge_fallback: 0.000000
low_auc_mode: 0.000000
recall_floor: 0.400000
recall_floor_applied: 0.000000
threshold_setter_used: 1.000000
threshold_var_assigned: 1.000000
val_precision: 0.938000
val_recall: 0.938000
val_f1: 0.938000
val_accuracy: 0.938000
val_auc: 0.979876
val_balanced_accuracy: 0.938000
threshold_score: 0.630000
threshold: 0.412354
best_val_f1: 0.938000
best_val_auc: 0.979876
score_is_similarity: 1.000000
threshold_method: 0.000000
val_precision_at_fixed: 0.907285
val_recall_at_fixed: 0.959000
val_f1_at_fixed: 0.932426
val_accuracy_at_fixed: 0.930500
val_threshold_fixed: 0.500000
val_ap: 0.977728
val_recall_at_p80: 0.987000
val_precision_at_r90: 0.950734
val_raw_min: 0.000254
val_raw_max: 0.999900
val_raw_spread: 0.999646
val_score_mode: 1.000000
val_sample_count: 2000.000000
val_local_best_f1: 0.938000
val_local_best_threshold: 0.630000
emb_std: 0.021459
emb_spread: 0.186246

HISTORICAL SUMMARY (up to epoch 4):
Best Training Loss: 0.102632
Best Validation Loss: 0.084732
Best Validation Accuracy: 0.938000
Best Validation F1-Score: 0.938000
Best Validation AUC: 0.979876
