Training Logs - Epoch 5
==================================================
Timestamp: 2025-10-08 05:36:01
Model: Proposed Siamese CapsNet + MobileNetV2
Session ID: Proposed Siamese CapsNet + MobileNetV2_20251008_004843

TIMING INFORMATION:
Elapsed Time: 17229.13 seconds (287.15 minutes)
Epoch Time: 3420.66 seconds
ETA: 155062.17 seconds (2584.37 minutes)

TRAINING PARAMETERS:
Epochs Total: 50
Batch Size: 32
Learning Rate: 5e-05
Patience: 7

EPOCH METRICS:
loss: 0.061039
binary_accuracy_metric: 0.947850
precision_metric: 0.944958
recall_metric: 0.951100
val_loss: 0.056130
val_binary_accuracy_metric: 0.933200
val_precision_metric: 0.908063
val_recall_metric: 0.964000
validation_callback_error: 0.000000
val_pos_total: 5000.000000
val_neg_total: 5000.000000
val_balanced_applied: 1.000000
val_pos_used: 1000.000000
val_neg_used: 1000.000000
threshold_edge_fallback: 0.000000
low_auc_mode: 0.000000
recall_floor: 0.400000
recall_floor_applied: 0.000000
threshold_setter_used: 1.000000
threshold_var_assigned: 1.000000
val_precision: 0.942231
val_recall: 0.946000
val_f1: 0.944112
val_accuracy: 0.944000
val_auc: 0.980044
val_balanced_accuracy: 0.944000
threshold_score: 0.690000
threshold: 0.371478
best_val_f1: 0.944112
best_val_auc: 0.980044
score_is_similarity: 1.000000
threshold_method: 0.000000
val_precision_at_fixed: 0.909261
val_recall_at_fixed: 0.972000
val_f1_at_fixed: 0.939584
val_accuracy_at_fixed: 0.937500
val_threshold_fixed: 0.500000
val_ap: 0.968908
val_recall_at_p80: 0.991000
val_precision_at_r90: 0.959531
val_raw_min: 0.000284
val_raw_max: 0.999900
val_raw_spread: 0.999616
val_score_mode: 1.000000
val_sample_count: 2000.000000
val_local_best_f1: 0.943048
val_local_best_threshold: 0.690000
emb_std: 0.019177
emb_spread: 0.161895

HISTORICAL SUMMARY (up to epoch 5):
Best Training Loss: 0.061039
Best Validation Loss: 0.056130
Best Validation Accuracy: 0.944000
Best Validation F1-Score: 0.944112
Best Validation AUC: 0.980044
