Training Logs - Epoch 7
==================================================
Timestamp: 2025-10-08 07:30:19
Model: Proposed Siamese CapsNet + MobileNetV2
Session ID: Proposed Siamese CapsNet + MobileNetV2_20251008_004843

TIMING INFORMATION:
Elapsed Time: 24084.19 seconds (401.40 minutes)
Epoch Time: 3424.72 seconds
ETA: 147945.74 seconds (2465.76 minutes)

TRAINING PARAMETERS:
Epochs Total: 50
Batch Size: 32
Learning Rate: 5e-05
Patience: 7

EPOCH METRICS:
loss: 0.028205
binary_accuracy_metric: 0.950700
precision_metric: 0.948994
recall_metric: 0.952600
val_loss: 0.033291
val_binary_accuracy_metric: 0.926600
val_precision_metric: 0.895439
val_recall_metric: 0.966000
validation_callback_error: 0.000000
val_pos_total: 5000.000000
val_neg_total: 5000.000000
val_balanced_applied: 1.000000
val_pos_used: 1000.000000
val_neg_used: 1000.000000
threshold_edge_fallback: 0.000000
low_auc_mode: 0.000000
recall_floor: 0.400000
recall_floor_applied: 0.000000
threshold_setter_used: 1.000000
threshold_var_assigned: 1.000000
val_precision: 0.932540
val_recall: 0.940000
val_f1: 0.936255
val_accuracy: 0.936000
val_auc: 0.975711
val_balanced_accuracy: 0.936000
threshold_score: 0.670000
threshold: 0.337789
best_val_f1: 0.944112
best_val_auc: 0.980044
score_is_similarity: 1.000000
threshold_method: 0.000000
val_precision_at_fixed: 0.902052
val_recall_at_fixed: 0.967000
val_f1_at_fixed: 0.933398
val_accuracy_at_fixed: 0.931000
val_threshold_fixed: 0.500000
val_ap: 0.967223
val_recall_at_p80: 0.986000
val_precision_at_r90: 0.945720
val_raw_min: 0.000100
val_raw_max: 0.999900
val_raw_spread: 0.999800
val_score_mode: 1.000000
val_sample_count: 2000.000000
val_local_best_f1: 0.934175
val_local_best_threshold: 0.670000
emb_std: 0.019089
emb_spread: 0.189458
lr: 4.999999873689376e-05

HISTORICAL SUMMARY (up to epoch 7):
Best Training Loss: 0.028205
Best Validation Loss: 0.033291
Best Validation Accuracy: 0.944000
Best Validation F1-Score: 0.944112
Best Validation AUC: 0.980044
