Training Logs - Epoch 11
==================================================
Timestamp: 2025-10-08 11:33:32
Model: Proposed Siamese CapsNet + MobileNetV2
Session ID: Proposed Siamese CapsNet + MobileNetV2_20251008_004843

TIMING INFORMATION:
Elapsed Time: 38678.54 seconds (644.64 minutes)
Epoch Time: 3443.29 seconds
ETA: 137132.99 seconds (2285.55 minutes)

TRAINING PARAMETERS:
Epochs Total: 50
Batch Size: 32
Learning Rate: 5e-05
Patience: 7

EPOCH METRICS:
loss: 0.012775
binary_accuracy_metric: 0.957650
precision_metric: 0.959165
recall_metric: 0.956000
val_loss: 0.021710
val_binary_accuracy_metric: 0.927500
val_precision_metric: 0.900206
val_recall_metric: 0.961600
validation_callback_error: 0.000000
val_pos_total: 5000.000000
val_neg_total: 5000.000000
val_balanced_applied: 1.000000
val_pos_used: 1000.000000
val_neg_used: 1000.000000
threshold_edge_fallback: 0.000000
low_auc_mode: 0.000000
recall_floor: 0.400000
recall_floor_applied: 0.000000
threshold_setter_used: 1.000000
threshold_var_assigned: 1.000000
val_precision: 0.925049
val_recall: 0.938000
val_f1: 0.931480
val_accuracy: 0.931000
val_auc: 0.967241
val_balanced_accuracy: 0.931000
threshold_score: 0.660000
threshold: 0.344604
best_val_f1: 0.944112
best_val_auc: 0.980044
score_is_similarity: 1.000000
threshold_method: 0.000000
val_precision_at_fixed: 0.896936
val_recall_at_fixed: 0.966000
val_f1_at_fixed: 0.930188
val_accuracy_at_fixed: 0.927500
val_threshold_fixed: 0.500000
val_precision_at_frozen: 0.924528
val_recall_at_frozen: 0.931000
val_f1_at_frozen: 0.927753
val_accuracy_at_frozen: 0.927500
val_threshold_frozen: 0.670000
val_ap: 0.961903
val_recall_at_p80: 0.984000
val_precision_at_r90: 0.942589
val_raw_min: 0.000218
val_raw_max: 0.999900
val_raw_spread: 0.999682
val_score_mode: 1.000000
val_sample_count: 2000.000000
val_local_best_f1: 0.927907
val_local_best_threshold: 0.660000
emb_std: 0.019327
emb_spread: 0.142882
lr: 4.999999873689376e-05

HISTORICAL SUMMARY (up to epoch 11):
Best Training Loss: 0.012775
Best Validation Loss: 0.021710
Best Validation Accuracy: 0.944000
Best Validation F1-Score: 0.944112
Best Validation AUC: 0.980044
