Training Logs - Epoch 10
==================================================
Timestamp: 2025-10-08 00:09:27
Model: Proposed Siamese CapsNet + MobileNetV2
Session ID: Proposed Siamese CapsNet + MobileNetV2_20251007_185241

TIMING INFORMATION:
Elapsed Time: 18993.41 seconds (316.56 minutes)
Epoch Time: 1770.81 seconds
ETA: 75973.65 seconds (1266.23 minutes)

TRAINING PARAMETERS:
Epochs Total: 50
Batch Size: 32
Learning Rate: 5e-05
Patience: 7

EPOCH METRICS:
loss: 0.015641
binary_accuracy_metric: 0.956900
precision_metric: 0.946802
recall_metric: 0.968200
val_loss: 0.023746
val_binary_accuracy_metric: 0.924400
val_precision_metric: 0.896487
val_recall_metric: 0.959600
validation_callback_error: 0.000000
val_pos_total: 5000.000000
val_neg_total: 5000.000000
val_balanced_applied: 1.000000
val_pos_used: 1000.000000
val_neg_used: 1000.000000
threshold_edge_fallback: 0.000000
low_auc_mode: 0.000000
recall_floor: 0.400000
recall_floor_applied: 0.000000
threshold_setter_used: 1.000000
threshold_var_assigned: 1.000000
val_precision: 0.940120
val_recall: 0.942000
val_f1: 0.941059
val_accuracy: 0.941000
val_auc: 0.975934
val_balanced_accuracy: 0.941000
threshold_score: 0.640000
threshold: 0.347574
best_val_f1: 0.941993
best_val_auc: 0.979455
score_is_similarity: 1.000000
threshold_method: 0.000000
val_precision_at_fixed: 0.895079
val_recall_at_fixed: 0.964000
val_f1_at_fixed: 0.928262
val_accuracy_at_fixed: 0.925500
val_threshold_fixed: 0.500000
val_precision_at_frozen: 0.940120
val_recall_at_frozen: 0.942000
val_f1_at_frozen: 0.941059
val_accuracy_at_frozen: 0.941000
val_threshold_frozen: 0.640000
val_ap: 0.966327
val_recall_at_p80: 0.986000
val_precision_at_r90: 0.959788
val_raw_min: 0.000133
val_raw_max: 0.999900
val_raw_spread: 0.999767
val_score_mode: 1.000000
val_sample_count: 2000.000000
val_local_best_f1: 0.940529
val_local_best_threshold: 0.640000
emb_std: 0.018788
emb_spread: 0.132592
lr: 4.999999873689376e-05

HISTORICAL SUMMARY (up to epoch 10):
Best Training Loss: 0.015641
Best Validation Loss: 0.023746
Best Validation Accuracy: 0.941500
Best Validation F1-Score: 0.941993
Best Validation AUC: 0.979455
