Training Logs - Epoch 3
==================================================
Timestamp: 2025-10-07 20:34:38
Model: Proposed Siamese CapsNet + MobileNetV2
Session ID: Proposed Siamese CapsNet + MobileNetV2_20251007_185241

TIMING INFORMATION:
Elapsed Time: 6108.11 seconds (101.80 minutes)
Epoch Time: 2005.22 seconds
ETA: 95693.70 seconds (1594.89 minutes)

TRAINING PARAMETERS:
Epochs Total: 50
Batch Size: 32
Learning Rate: 5e-05
Patience: 7

EPOCH METRICS:
loss: 0.182072
binary_accuracy_metric: 0.934650
precision_metric: 0.931243
recall_metric: 0.938600
val_loss: 0.138036
val_binary_accuracy_metric: 0.932500
val_precision_metric: 0.910731
val_recall_metric: 0.959000
validation_callback_error: 0.000000
val_pos_total: 5000.000000
val_neg_total: 5000.000000
val_balanced_applied: 1.000000
val_pos_used: 1000.000000
val_neg_used: 1000.000000
threshold_edge_fallback: 0.000000
low_auc_mode: 0.000000
recall_floor: 0.400000
recall_floor_applied: 0.000000
threshold_setter_used: 1.000000
threshold_var_assigned: 1.000000
val_precision: 0.934120
val_recall: 0.950000
val_f1: 0.941993
val_accuracy: 0.941500
val_auc: 0.975792
val_balanced_accuracy: 0.941500
threshold_score: 0.570000
threshold: 0.429678
best_val_f1: 0.941993
best_val_auc: 0.975792
score_is_similarity: 1.000000
threshold_method: 0.000000
val_precision_at_fixed: 0.924111
val_recall_at_fixed: 0.962000
val_f1_at_fixed: 0.942675
val_accuracy_at_fixed: 0.941500
val_threshold_fixed: 0.500000
val_ap: 0.970469
val_recall_at_p80: 0.986000
val_precision_at_r90: 0.957537
val_raw_min: 0.001298
val_raw_max: 0.999900
val_raw_spread: 0.998602
val_score_mode: 1.000000
val_sample_count: 2000.000000
val_local_best_f1: 0.937576
val_local_best_threshold: 0.570000
emb_std: 0.024232
emb_spread: 0.205197

HISTORICAL SUMMARY (up to epoch 3):
Best Training Loss: 0.182072
Best Validation Loss: 0.138036
Best Validation Accuracy: 0.941500
Best Validation F1-Score: 0.941993
Best Validation AUC: 0.975792
