Training Logs - Epoch 7
==================================================
Timestamp: 2025-10-07 22:38:19
Model: Proposed Siamese CapsNet + MobileNetV2
Session ID: Proposed Siamese CapsNet + MobileNetV2_20251007_185241

TIMING INFORMATION:
Elapsed Time: 13527.68 seconds (225.46 minutes)
Epoch Time: 1787.11 seconds
ETA: 83098.60 seconds (1384.98 minutes)

TRAINING PARAMETERS:
Epochs Total: 50
Batch Size: 32
Learning Rate: 5e-05
Patience: 7

EPOCH METRICS:
loss: 0.028771
binary_accuracy_metric: 0.954150
precision_metric: 0.942512
recall_metric: 0.967300
val_loss: 0.033609
val_binary_accuracy_metric: 0.922000
val_precision_metric: 0.895279
val_recall_metric: 0.955800
validation_callback_error: 0.000000
val_pos_total: 5000.000000
val_neg_total: 5000.000000
val_balanced_applied: 1.000000
val_pos_used: 1000.000000
val_neg_used: 1000.000000
threshold_edge_fallback: 0.000000
low_auc_mode: 0.000000
recall_floor: 0.400000
recall_floor_applied: 0.000000
threshold_setter_used: 1.000000
threshold_var_assigned: 1.000000
val_precision: 0.935130
val_recall: 0.937000
val_f1: 0.936064
val_accuracy: 0.936000
val_auc: 0.974154
val_balanced_accuracy: 0.936000
threshold_score: 0.610000
threshold: 0.373075
best_val_f1: 0.941993
best_val_auc: 0.979455
score_is_similarity: 1.000000
threshold_method: 0.000000
val_precision_at_fixed: 0.905253
val_recall_at_fixed: 0.965000
val_f1_at_fixed: 0.934172
val_accuracy_at_fixed: 0.932000
val_threshold_fixed: 0.500000
val_ap: 0.968049
val_recall_at_p80: 0.986000
val_precision_at_r90: 0.952482
val_raw_min: 0.000224
val_raw_max: 0.999900
val_raw_spread: 0.999676
val_score_mode: 1.000000
val_sample_count: 2000.000000
val_local_best_f1: 0.935540
val_local_best_threshold: 0.610000
emb_std: 0.018333
emb_spread: 0.152356
lr: 4.999999873689376e-05

HISTORICAL SUMMARY (up to epoch 7):
Best Training Loss: 0.028771
Best Validation Loss: 0.033609
Best Validation Accuracy: 0.941500
Best Validation F1-Score: 0.941993
Best Validation AUC: 0.979455
