Training Logs - Epoch 5
==================================================
Timestamp: 2025-10-07 21:38:53
Model: Proposed Siamese CapsNet + MobileNetV2
Session ID: Proposed Siamese CapsNet + MobileNetV2_20251007_185241

TIMING INFORMATION:
Elapsed Time: 9959.71 seconds (166.00 minutes)
Epoch Time: 1841.13 seconds
ETA: 89637.40 seconds (1493.96 minutes)

TRAINING PARAMETERS:
Epochs Total: 50
Batch Size: 32
Learning Rate: 5e-05
Patience: 7

EPOCH METRICS:
loss: 0.059665
binary_accuracy_metric: 0.952700
precision_metric: 0.942090
recall_metric: 0.964700
val_loss: 0.056268
val_binary_accuracy_metric: 0.929000
val_precision_metric: 0.903347
val_recall_metric: 0.960800
validation_callback_error: 0.000000
val_pos_total: 5000.000000
val_neg_total: 5000.000000
val_balanced_applied: 1.000000
val_pos_used: 1000.000000
val_neg_used: 1000.000000
threshold_edge_fallback: 0.000000
low_auc_mode: 0.000000
recall_floor: 0.400000
recall_floor_applied: 0.000000
threshold_setter_used: 1.000000
threshold_var_assigned: 1.000000
val_precision: 0.941884
val_recall: 0.940000
val_f1: 0.940941
val_accuracy: 0.941000
val_auc: 0.978064
val_balanced_accuracy: 0.941000
threshold_score: 0.680000
threshold: 0.369263
best_val_f1: 0.941993
best_val_auc: 0.979455
score_is_similarity: 1.000000
threshold_method: 0.000000
val_precision_at_fixed: 0.906890
val_recall_at_fixed: 0.974000
val_f1_at_fixed: 0.939248
val_accuracy_at_fixed: 0.937000
val_threshold_fixed: 0.500000
val_ap: 0.973833
val_recall_at_p80: 0.992000
val_precision_at_r90: 0.952632
val_raw_min: 0.000412
val_raw_max: 0.999900
val_raw_spread: 0.999488
val_score_mode: 1.000000
val_sample_count: 2000.000000
val_local_best_f1: 0.940410
val_local_best_threshold: 0.680000
emb_std: 0.019080
emb_spread: 0.156127
lr: 4.999999873689376e-05

HISTORICAL SUMMARY (up to epoch 5):
Best Training Loss: 0.059665
Best Validation Loss: 0.056268
Best Validation Accuracy: 0.941500
Best Validation F1-Score: 0.941993
Best Validation AUC: 0.979455
