Training Logs - Epoch 4
==================================================
Timestamp: 2025-10-07 21:08:04
Model: Proposed Siamese CapsNet + MobileNetV2
Session ID: Proposed Siamese CapsNet + MobileNetV2_20251007_185241

TIMING INFORMATION:
Elapsed Time: 8113.56 seconds (135.23 minutes)
Epoch Time: 2000.14 seconds
ETA: 93305.91 seconds (1555.10 minutes)

TRAINING PARAMETERS:
Epochs Total: 50
Batch Size: 32
Learning Rate: 5e-05
Patience: 7

EPOCH METRICS:
loss: 0.098718
binary_accuracy_metric: 0.948800
precision_metric: 0.939139
recall_metric: 0.959800
val_loss: 0.082782
val_binary_accuracy_metric: 0.931000
val_precision_metric: 0.904923
val_recall_metric: 0.963200
validation_callback_error: 0.000000
val_pos_total: 5000.000000
val_neg_total: 5000.000000
val_balanced_applied: 1.000000
val_pos_used: 1000.000000
val_neg_used: 1000.000000
threshold_edge_fallback: 0.000000
low_auc_mode: 0.000000
recall_floor: 0.400000
recall_floor_applied: 0.000000
threshold_setter_used: 1.000000
threshold_var_assigned: 1.000000
val_precision: 0.940060
val_recall: 0.941000
val_f1: 0.940530
val_accuracy: 0.940500
val_auc: 0.979455
val_balanced_accuracy: 0.940500
threshold_score: 0.640000
threshold: 0.401939
best_val_f1: 0.941993
best_val_auc: 0.979455
score_is_similarity: 1.000000
threshold_method: 0.000000
val_precision_at_fixed: 0.907981
val_recall_at_fixed: 0.967000
val_f1_at_fixed: 0.936562
val_accuracy_at_fixed: 0.934500
val_threshold_fixed: 0.500000
val_ap: 0.976432
val_recall_at_p80: 0.990000
val_precision_at_r90: 0.956476
val_raw_min: 0.000572
val_raw_max: 0.999900
val_raw_spread: 0.999328
val_score_mode: 1.000000
val_sample_count: 2000.000000
val_local_best_f1: 0.940265
val_local_best_threshold: 0.640000
emb_std: 0.021058
emb_spread: 0.164437

HISTORICAL SUMMARY (up to epoch 4):
Best Training Loss: 0.098718
Best Validation Loss: 0.082782
Best Validation Accuracy: 0.941500
Best Validation F1-Score: 0.941993
Best Validation AUC: 0.979455
