Training Logs - Epoch 11
==================================================
Timestamp: 2025-10-06 07:25:04
Model: Proposed Siamese CapsNet + MobileNetV2
Session ID: Proposed Siamese CapsNet + MobileNetV2_20251006_033126

TIMING INFORMATION:
Elapsed Time: 14007.77 seconds (233.46 minutes)
Epoch Time: 1270.55 seconds
ETA: 49663.92 seconds (827.73 minutes)

TRAINING PARAMETERS:
Epochs Total: 50
Batch Size: 32
Learning Rate: 5e-05
Patience: 7

EPOCH METRICS:
loss: 0.013068
binary_accuracy_metric: 0.962000
precision_metric: 0.957154
recall_metric: 0.967300
val_loss: 0.022018
val_binary_accuracy_metric: 0.921500
val_precision_metric: 0.894737
val_recall_metric: 0.955400
validation_callback_error: 0.000000
val_pos_total: 5000.000000
val_neg_total: 5000.000000
val_balanced_applied: 1.000000
val_pos_used: 1000.000000
val_neg_used: 1000.000000
threshold_edge_fallback: 0.000000
low_auc_mode: 0.000000
recall_floor: 0.400000
recall_floor_applied: 0.000000
threshold_setter_used: 1.000000
threshold_var_assigned: 1.000000
val_precision: 0.926074
val_recall: 0.927000
val_f1: 0.926537
val_accuracy: 0.926500
val_auc: 0.967402
val_balanced_accuracy: 0.926500
threshold_score: 0.680000
threshold: 0.343323
best_val_f1: 0.939348
best_val_auc: 0.980420
score_is_similarity: 1.000000
threshold_method: 0.000000
val_precision_at_fixed: 0.890960
val_recall_at_fixed: 0.956000
val_f1_at_fixed: 0.922335
val_accuracy_at_fixed: 0.919500
val_threshold_fixed: 0.500000
val_precision_at_frozen: 0.913508
val_recall_at_frozen: 0.940000
val_f1_at_frozen: 0.926565
val_accuracy_at_frozen: 0.925500
val_threshold_frozen: 0.610000
val_ap: 0.955435
val_recall_at_p80: 0.982000
val_precision_at_r90: 0.940625
val_raw_min: 0.000185
val_raw_max: 0.999900
val_raw_spread: 0.999715
val_score_mode: 1.000000
val_sample_count: 2000.000000
val_local_best_f1: 0.926280
val_local_best_threshold: 0.680000
emb_std: 0.019095
emb_spread: 0.172134
lr: 4.999999873689376e-05

HISTORICAL SUMMARY (up to epoch 11):
Best Training Loss: 0.013068
Best Validation Loss: 0.022018
Best Validation Accuracy: 0.939500
Best Validation F1-Score: 0.939348
Best Validation AUC: 0.980420
