Training Logs - Epoch 8
==================================================
Timestamp: 2025-10-06 06:21:09
Model: Proposed Siamese CapsNet + MobileNetV2
Session ID: Proposed Siamese CapsNet + MobileNetV2_20251006_033126

TIMING INFORMATION:
Elapsed Time: 10173.04 seconds (169.55 minutes)
Epoch Time: 1265.02 seconds
ETA: 53408.45 seconds (890.14 minutes)

TRAINING PARAMETERS:
Epochs Total: 50
Batch Size: 32
Learning Rate: 5e-05
Patience: 7

EPOCH METRICS:
loss: 0.021472
binary_accuracy_metric: 0.958150
precision_metric: 0.949299
recall_metric: 0.968000
val_loss: 0.028498
val_binary_accuracy_metric: 0.918500
val_precision_metric: 0.885857
val_recall_metric: 0.960800
validation_callback_error: 0.000000
val_pos_total: 5000.000000
val_neg_total: 5000.000000
val_balanced_applied: 1.000000
val_pos_used: 1000.000000
val_neg_used: 1000.000000
threshold_edge_fallback: 0.000000
low_auc_mode: 0.000000
recall_floor: 0.400000
recall_floor_applied: 0.000000
threshold_setter_used: 1.000000
threshold_var_assigned: 1.000000
val_precision: 0.924000
val_recall: 0.924000
val_f1: 0.924000
val_accuracy: 0.924000
val_auc: 0.970500
val_balanced_accuracy: 0.924000
threshold_score: 0.650000
threshold: 0.356204
best_val_f1: 0.939348
best_val_auc: 0.980420
score_is_similarity: 1.000000
threshold_method: 0.000000
val_precision_at_fixed: 0.892293
val_recall_at_fixed: 0.961000
val_f1_at_fixed: 0.925373
val_accuracy_at_fixed: 0.922500
val_threshold_fixed: 0.500000
val_ap: 0.960865
val_recall_at_p80: 0.982000
val_precision_at_r90: 0.940625
val_raw_min: 0.000538
val_raw_max: 0.999900
val_raw_spread: 0.999362
val_score_mode: 1.000000
val_sample_count: 2000.000000
val_local_best_f1: 0.924000
val_local_best_threshold: 0.650000
emb_std: 0.018890
emb_spread: 0.173853
lr: 4.999999873689376e-05

HISTORICAL SUMMARY (up to epoch 8):
Best Training Loss: 0.021472
Best Validation Loss: 0.028498
Best Validation Accuracy: 0.939500
Best Validation F1-Score: 0.939348
Best Validation AUC: 0.980420
