Training Logs - Epoch 9
==================================================
Timestamp: 2025-10-06 06:42:30
Model: Proposed Siamese CapsNet + MobileNetV2
Session ID: Proposed Siamese CapsNet + MobileNetV2_20251006_033126

TIMING INFORMATION:
Elapsed Time: 11454.86 seconds (190.91 minutes)
Epoch Time: 1279.53 seconds
ETA: 52183.24 seconds (869.72 minutes)

TRAINING PARAMETERS:
Epochs Total: 50
Batch Size: 32
Learning Rate: 5e-05
Patience: 7

EPOCH METRICS:
loss: 0.017337
binary_accuracy_metric: 0.958250
precision_metric: 0.948517
recall_metric: 0.969100
val_loss: 0.025195
val_binary_accuracy_metric: 0.916700
val_precision_metric: 0.885905
val_recall_metric: 0.956600
validation_callback_error: 0.000000
val_pos_total: 5000.000000
val_neg_total: 5000.000000
val_balanced_applied: 1.000000
val_pos_used: 1000.000000
val_neg_used: 1000.000000
threshold_edge_fallback: 0.000000
low_auc_mode: 0.000000
recall_floor: 0.400000
recall_floor_applied: 0.000000
threshold_setter_used: 1.000000
threshold_var_assigned: 1.000000
val_precision: 0.920160
val_recall: 0.922000
val_f1: 0.921079
val_accuracy: 0.921000
val_auc: 0.968640
val_balanced_accuracy: 0.921000
threshold_score: 0.690000
threshold: 0.337833
best_val_f1: 0.939348
best_val_auc: 0.980420
score_is_similarity: 1.000000
threshold_method: 0.000000
val_precision_at_fixed: 0.873303
val_recall_at_fixed: 0.965000
val_f1_at_fixed: 0.916865
val_accuracy_at_fixed: 0.912500
val_threshold_fixed: 0.500000
val_ap: 0.960797
val_recall_at_p80: 0.983000
val_precision_at_r90: 0.927984
val_raw_min: 0.000447
val_raw_max: 0.999900
val_raw_spread: 0.999453
val_score_mode: 1.000000
val_sample_count: 2000.000000
val_local_best_f1: 0.920571
val_local_best_threshold: 0.690000
emb_std: 0.019195
emb_spread: 0.160940
lr: 4.999999873689376e-05

HISTORICAL SUMMARY (up to epoch 9):
Best Training Loss: 0.017337
Best Validation Loss: 0.025195
Best Validation Accuracy: 0.939500
Best Validation F1-Score: 0.939348
Best Validation AUC: 0.980420
