Training Logs - Epoch 10
==================================================
Timestamp: 2025-10-06 07:03:51
Model: Proposed Siamese CapsNet + MobileNetV2
Session ID: Proposed Siamese CapsNet + MobileNetV2_20251006_033126

TIMING INFORMATION:
Elapsed Time: 12734.63 seconds (212.24 minutes)
Epoch Time: 1277.33 seconds
ETA: 50938.52 seconds (848.98 minutes)

TRAINING PARAMETERS:
Epochs Total: 50
Batch Size: 32
Learning Rate: 5e-05
Patience: 7

EPOCH METRICS:
loss: 0.014715
binary_accuracy_metric: 0.957400
precision_metric: 0.953051
recall_metric: 0.962200
val_loss: 0.023186
val_binary_accuracy_metric: 0.919500
val_precision_metric: 0.894045
val_recall_metric: 0.951800
validation_callback_error: 0.000000
val_pos_total: 5000.000000
val_neg_total: 5000.000000
val_balanced_applied: 1.000000
val_pos_used: 1000.000000
val_neg_used: 1000.000000
threshold_edge_fallback: 0.000000
low_auc_mode: 0.000000
recall_floor: 0.400000
recall_floor_applied: 0.000000
threshold_setter_used: 1.000000
threshold_var_assigned: 1.000000
val_precision: 0.920870
val_recall: 0.931000
val_f1: 0.925908
val_accuracy: 0.925500
val_auc: 0.968844
val_balanced_accuracy: 0.925500
threshold_score: 0.610000
threshold: 0.358809
best_val_f1: 0.939348
best_val_auc: 0.980420
score_is_similarity: 1.000000
threshold_method: 0.000000
val_precision_at_fixed: 0.893358
val_recall_at_fixed: 0.955000
val_f1_at_fixed: 0.923151
val_accuracy_at_fixed: 0.920500
val_threshold_fixed: 0.500000
val_precision_at_frozen: 0.920870
val_recall_at_frozen: 0.931000
val_f1_at_frozen: 0.925908
val_accuracy_at_frozen: 0.925500
val_threshold_frozen: 0.610000
val_ap: 0.960368
val_recall_at_p80: 0.987000
val_precision_at_r90: 0.933679
val_raw_min: 0.000510
val_raw_max: 0.999900
val_raw_spread: 0.999390
val_score_mode: 1.000000
val_sample_count: 2000.000000
val_local_best_f1: 0.923122
val_local_best_threshold: 0.610000
emb_std: 0.019302
emb_spread: 0.175813
lr: 4.999999873689376e-05

HISTORICAL SUMMARY (up to epoch 10):
Best Training Loss: 0.014715
Best Validation Loss: 0.023186
Best Validation Accuracy: 0.939500
Best Validation F1-Score: 0.939348
Best Validation AUC: 0.980420
