Training Logs - Epoch 1
==================================================
Timestamp: 2025-10-06 03:52:58
Model: Proposed Siamese CapsNet + MobileNetV2
Session ID: Proposed Siamese CapsNet + MobileNetV2_20251006_033126

TIMING INFORMATION:
Elapsed Time: 1285.43 seconds (21.42 minutes)
Epoch Time: 1285.37 seconds
ETA: 62985.90 seconds (1049.76 minutes)

TRAINING PARAMETERS:
Epochs Total: 50
Batch Size: 32
Learning Rate: 5e-05
Patience: 7

EPOCH METRICS:
loss: 0.755238
binary_accuracy_metric: 0.770550
precision_metric: 0.790383
recall_metric: 0.736400
val_loss: 0.523624
val_binary_accuracy_metric: 0.896900
val_precision_metric: 0.860621
val_recall_metric: 0.947200
validation_callback_error: 0.000000
val_pos_total: 5000.000000
val_neg_total: 5000.000000
val_balanced_applied: 1.000000
val_pos_used: 1000.000000
val_neg_used: 1000.000000
threshold_edge_fallback: 0.000000
low_auc_mode: 0.000000
recall_floor: 0.400000
recall_floor_applied: 0.000000
threshold_setter_used: 1.000000
threshold_var_assigned: 1.000000
val_precision: 0.900200
val_recall: 0.902000
val_f1: 0.901099
val_accuracy: 0.901000
val_auc: 0.956266
val_balanced_accuracy: 0.901000
threshold_score: 0.650000
threshold: 0.440532
best_val_f1: 0.901099
best_val_auc: 0.956266
score_is_similarity: 1.000000
threshold_method: 0.000000
val_precision_at_fixed: 0.849005
val_recall_at_fixed: 0.939000
val_f1_at_fixed: 0.891738
val_accuracy_at_fixed: 0.886000
val_threshold_fixed: 0.500000
val_ap: 0.949659
val_recall_at_p80: 0.978000
val_precision_at_r90: 0.900299
val_raw_min: 0.002099
val_raw_max: 0.999900
val_raw_spread: 0.997801
val_score_mode: 1.000000
val_sample_count: 2000.000000
val_local_best_f1: 0.900613
val_local_best_threshold: 0.650000
emb_std: 0.049907
emb_spread: 0.429574

HISTORICAL SUMMARY (up to epoch 1):
Best Training Loss: 0.755238
Best Validation Loss: 0.523624
Best Validation Accuracy: 0.901000
Best Validation F1-Score: 0.901099
Best Validation AUC: 0.956266
