Training Logs - Epoch 1
==================================================
Timestamp: 2025-10-05 18:05:12
Model: Proposed Siamese CapsNet + MobileNetV2
Session ID: Proposed Siamese CapsNet + MobileNetV2_20251005_174521

TIMING INFORMATION:
Elapsed Time: 1180.17 seconds (19.67 minutes)
Epoch Time: 1180.12 seconds
ETA: 57828.35 seconds (963.81 minutes)

TRAINING PARAMETERS:
Epochs Total: 50
Batch Size: 128
Learning Rate: 5e-05
Patience: 7

EPOCH METRICS:
loss: 1.436159
binary_accuracy_metric: 0.618250
precision_metric: 0.595033
recall_metric: 0.740400
val_loss: 1.256216
val_binary_accuracy_metric: 0.800900
val_precision_metric: 0.730363
val_recall_metric: 0.954000
validation_callback_error: 0.000000
val_pos_total: 5000.000000
val_neg_total: 5000.000000
val_balanced_applied: 1.000000
val_pos_used: 1000.000000
val_neg_used: 1000.000000
threshold_edge_fallback: 0.000000
low_auc_mode: 0.000000
recall_floor: 0.400000
recall_floor_applied: 0.000000
threshold_setter_used: 1.000000
threshold_var_assigned: 1.000000
val_precision: 0.829365
val_recall: 0.836000
val_f1: 0.832669
val_accuracy: 0.832000
val_auc: 0.904497
val_balanced_accuracy: 0.832000
threshold_score: 0.790000
threshold: 0.385121
best_val_f1: 0.832669
best_val_auc: 0.904497
score_is_similarity: 1.000000
threshold_method: 0.000000
val_precision_at_fixed: 0.734709
val_recall_at_fixed: 0.961000
val_f1_at_fixed: 0.832756
val_accuracy_at_fixed: 0.807000
val_threshold_fixed: 0.500000
val_ap: 0.879372
val_recall_at_p80: 0.907000
val_precision_at_r90: 0.806077
val_raw_min: 0.003574
val_raw_max: 0.999900
val_raw_spread: 0.996326
val_score_mode: 1.000000
val_sample_count: 2000.000000
val_local_best_f1: 0.831023
val_local_best_threshold: 0.790000

HISTORICAL SUMMARY (up to epoch 1):
Best Training Loss: 1.436159
Best Validation Loss: 1.256216
Best Validation Accuracy: 0.832000
Best Validation F1-Score: 0.832669
Best Validation AUC: 0.904497
