Training Logs - Epoch 6
==================================================
Timestamp: 2025-10-05 19:44:03
Model: Proposed Siamese CapsNet + MobileNetV2
Session ID: Proposed Siamese CapsNet + MobileNetV2_20251005_174521

TIMING INFORMATION:
Elapsed Time: 7104.49 seconds (118.41 minutes)
Epoch Time: 1191.53 seconds
ETA: 52099.56 seconds (868.33 minutes)

TRAINING PARAMETERS:
Epochs Total: 50
Batch Size: 128
Learning Rate: 5e-05
Patience: 7

EPOCH METRICS:
loss: 0.414154
binary_accuracy_metric: 0.780950
precision_metric: 0.895872
recall_metric: 0.635800
val_loss: 0.368346
val_binary_accuracy_metric: 0.875800
val_precision_metric: 0.815057
val_recall_metric: 0.972200
validation_callback_error: 0.000000
val_pos_total: 5000.000000
val_neg_total: 5000.000000
val_balanced_applied: 1.000000
val_pos_used: 1000.000000
val_neg_used: 1000.000000
threshold_edge_fallback: 0.000000
low_auc_mode: 0.000000
recall_floor: 0.400000
recall_floor_applied: 0.000000
threshold_setter_used: 1.000000
threshold_var_assigned: 1.000000
val_precision: 0.876686
val_recall: 0.910000
val_f1: 0.893032
val_accuracy: 0.891000
val_auc: 0.933386
val_balanced_accuracy: 0.891000
threshold_score: 0.820000
threshold: 0.208493
best_val_f1: 0.899851
best_val_auc: 0.945043
score_is_similarity: 1.000000
threshold_method: 0.000000
val_precision_at_fixed: 0.804797
val_recall_at_fixed: 0.973000
val_f1_at_fixed: 0.880942
val_accuracy_at_fixed: 0.868500
val_threshold_fixed: 0.500000
val_ap: 0.908033
val_recall_at_p80: 0.973000
val_precision_at_r90: 0.879883
val_raw_min: 0.000160
val_raw_max: 0.999900
val_raw_spread: 0.999740
val_score_mode: 1.000000
val_sample_count: 2000.000000
val_local_best_f1: 0.884395
val_local_best_threshold: 0.820000
emb_std: 0.058179
emb_spread: 0.558075
noise_std: 0.035000
lr: 4.999999873689376e-05

HISTORICAL SUMMARY (up to epoch 6):
Best Training Loss: 0.414154
Best Validation Loss: 0.368346
Best Validation Accuracy: 0.899500
Best Validation F1-Score: 0.899851
Best Validation AUC: 0.945043
