Training Logs - Epoch 4
==================================================
Timestamp: 2025-10-05 19:04:01
Model: Proposed Siamese CapsNet + MobileNetV2
Session ID: Proposed Siamese CapsNet + MobileNetV2_20251005_174521

TIMING INFORMATION:
Elapsed Time: 4706.49 seconds (78.44 minutes)
Epoch Time: 1189.77 seconds
ETA: 54124.64 seconds (902.08 minutes)

TRAINING PARAMETERS:
Epochs Total: 50
Batch Size: 128
Learning Rate: 5e-05
Patience: 7

EPOCH METRICS:
loss: 0.675119
binary_accuracy_metric: 0.821850
precision_metric: 0.884574
recall_metric: 0.740300
val_loss: 0.599191
val_binary_accuracy_metric: 0.871100
val_precision_metric: 0.812216
val_recall_metric: 0.965400
validation_callback_error: 0.000000
val_pos_total: 5000.000000
val_neg_total: 5000.000000
val_balanced_applied: 1.000000
val_pos_used: 1000.000000
val_neg_used: 1000.000000
threshold_edge_fallback: 0.000000
low_auc_mode: 0.000000
recall_floor: 0.400000
recall_floor_applied: 0.000000
threshold_setter_used: 1.000000
threshold_var_assigned: 1.000000
val_precision: 0.896723
val_recall: 0.903000
val_f1: 0.899851
val_accuracy: 0.899500
val_auc: 0.945043
val_balanced_accuracy: 0.899500
threshold_score: 0.780000
threshold: 0.245541
best_val_f1: 0.899851
best_val_auc: 0.945043
score_is_similarity: 1.000000
threshold_method: 0.000000
val_precision_at_fixed: 0.819574
val_recall_at_fixed: 0.963000
val_f1_at_fixed: 0.885517
val_accuracy_at_fixed: 0.875500
val_threshold_fixed: 0.500000
val_ap: 0.930903
val_recall_at_p80: 0.969000
val_precision_at_r90: 0.896928
val_raw_min: 0.000375
val_raw_max: 0.999900
val_raw_spread: 0.999525
val_score_mode: 1.000000
val_sample_count: 2000.000000
val_local_best_f1: 0.898167
val_local_best_threshold: 0.780000

HISTORICAL SUMMARY (up to epoch 4):
Best Training Loss: 0.675119
Best Validation Loss: 0.599191
Best Validation Accuracy: 0.899500
Best Validation F1-Score: 0.899851
Best Validation AUC: 0.945043
